95
132 0
-53 1
-16 2
-55 2
0 4
67 5
-65 6
-11 7
57 7
39 7
-7 10
42 11
-94 12
-4 13
4 14
-56 13
-54 16
56 17
0 18
18 19
-25 20
-22 21
-6 21
1 21
0 24
-7 21
-9 20
-5 27
26 27
14 29
15 20
0 31
0 32
-5 33
0 34
5 34
100 36
0 37
0 38
100 39
125 38
-65 41
-60 42
19 37
53 44
92 45
-92 46
-140 45
0 48
24 45
69 50
-25 45
-70 37
10 53
4 54
-7 55
2 55
2 57
-1 55
-45 54
-49 60
40 61
38 60
76 54
-2 18
-107 16
33 16
18 13
9 68
1 69
-1 70
-10 69
1 72
92 13
72 12
59 7
-164 76
16 7
9 6
-11 5
11 80
100 81
9 82
-9 83
-26 5
164 85
-91 86
-21 87
-26 87
-8 89
32 90
-75 91
43 91
8 90
-8 1
