99
12 0
58 1
-6 2
10 3
-8 3
-2 5
-7 6
0 7
0 6
0 9
-23 10
-18 11
-15 12
-14 13
98 14
85 15
47 16
-47 17
5 18
-5 19
14 20
8 21
12 22
-116 23
104 24
-31 22
-20 26
27 27
-7 28
9 22
28 30
138 31
-51 32
-8 33
-41 34
0 35
4 36
21 37
0 38
0 39
-86 40
186 41
0 42
27 43
-27 44
98 43
-98 46
-23 38
-25 48
23 37
-18 36
91 51
-27 52
35 53
-27 52
-20 51
-59 56
-88 57
113 51
-12 59
12 60
-35 36
276 62
-100 63
-77 64
-29 63
-35 66
79 35
-38 68
-60 34
-30 70
135 71
46 70
-102 34
-192 33
-175 33
98 76
-34 33
118 32
89 79
0 80
-64 18
50 82
14 83
15 16
-8 14
0 86
192 87
-43 88
-139 89
-10 90
-20 13
0 10
0 9
0 3
19 95
-6 96
-15 1
45 98
