300 10 300
8 8 8 8 8 8 8 8 8 8 9 9 9 9 9 9 9 9 9 9 9 9 9 9 9 9 9 9 9 9 3 3 3 3 3 3 3 3 3 3 4 4 4 4 4 4 4 4 4 4 5 5 5 5 5 5 5 5 5 5 7 7 7 7 7 7 7 7 7 7 2 2 2 2 2 2 2 2 2 2 6 6 6 6 6 6 6 6 6 6 1 1 1 1 1 1 1 1 1 1 6 6 6 6 6 6 6 6 6 6 4 4 4 4 4 4 4 4 4 4 5 5 5 5 5 5 5 5 5 5 1 1 1 1 1 1 1 1 1 1 2 2 2 2 2 2 2 2 2 2 7 7 7 7 7 7 7 7 7 7 3 3 3 3 3 3 3 3 3 3 6 6 6 6 6 6 6 6 6 6 9 9 9 9 9 9 9 9 9 9 8 8 8 8 8 8 8 8 8 8 4 4 4 4 4 4 4 4 4 4 9 9 9 9 9 9 9 9 9 9 7 7 7 7 7 7 7 7 7 7 3 3 3 3 3 3 3 3 3 3 1 1 1 1 1 1 1 1 1 1 2 2 2 2 2 2 2 2 2 2 6 6 6 6 6 6 6 6 6 6 8 8 8 8 8 8 8 8 8 8 3 3 3 3 3 3 3 3 3 3 3 3 3 3 3 3 3 3 3 3 
1 118 1
1 96 3
2
2
1 186 9
1 190 8
1 154 6
1 41 2
1 36 9
2
1 65 6
2
2
2
2
1 298 3
2
1 128 2
2
2
2
1 75 4
2
2
2
2
2
1 202 5
1 271 10
1 185 8
2
1 71 9
2
2
1 222 4
2
1 11 4
2
2
1 43 5
2
2
2
1 233 9
1 176 6
2
2
1 148 9
1 272 9
1 276 4
2
1 79 7
2
1 186 10
2
1 241 6
2
1 271 9
2
2
1 153 3
2
1 202 4
2
2
2
1 216 10
2
1 148 4
1 38 4
2
2
2
2
1 9 3
1 259 2
1 47 9
1 244 10
1 149 1
2
1 36 4
1 139 6
2
2
1 124 9
2
2
1 256 5
1 212 7
2
2
2
2
1 216 5
1 276 3
2
1 49 7
1 207 7
2
2
1 227 6
1 94 6
2
1 42 7
1 157 5
1 239 7
1 16 6
2
1 226 2
2
2
1 151 1
1 94 5
2
1 209 3
1 55 4
2
1 157 4
1 18 5
2
2
1 81 1
1 51 9
2
2
1 77 4
2
2
1 290 2
1 154 3
1 3 1
2
2
2
1 109 10
2
2
2
2
2
1 286 3
2
1 123 10
1 111 8
2
1 62 9
2
2
2
2
2
2
1 172 1
1 16 8
2
2
1 213 10
1 155 3
2
1 175 5
1 152 6
2
2
2
1 274 9
1 133 8
1 14 10
1 191 2
2
2
1 179 5
1 86 2
1 234 2
2
2
2
1 77 6
2
1 10 9
2
1 217 1
2
2
1 65 10
2
2
1 17 7
1 288 7
2
1 287 1
2
1 65 2
2
2
1 25 4
2
2
1 232 4
1 19 9
1 8 8
2
1 231 7
1 185 10
1 294 1
1 155 3
2
1 292 9
1 115 2
2
1 5 3
2
1 280 10
1 19 4
1 99 10
1 263 7
2
1 247 3
1 26 8
2
1 208 3
1 193 1
1 100 9
1 83 9
1 76 6
1 137 8
2
1 29 8
2
1 250 1
2
1 221 10
1 148 1
1 276 6
1 255 2
1 15 7
1 70 9
1 76 4
2
2
2
2
1 271 5
2
1 163 8
2
1 70 10
1 151 4
2
2
1 137 8
2
1 137 4
1 92 5
2
2
2
2
1 224 8
1 109 1
1 186 2
1 153 4
1 127 7
1 250 3
1 220 5
2
2
2
2
2
2
2
2
1 116 1
2
1 94 7
1 1 10
2
2
2
2
1 59 9
2
1 11 7
1 80 5
1 283 3
2
2
1 165 5
1 261 6
1 122 3
1 278 8
2
2
2
1 144 1
1 113 2
1 229 10
1 268 3
1 109 6
2
