300 9 300
2 2 2 2 2 2 2 2 2 2 4 4 4 4 4 4 4 4 4 4 7 7 7 7 7 7 7 7 7 7 5 5 5 5 5 5 5 5 5 5 2 2 2 2 2 2 2 2 2 2 5 5 5 5 5 5 5 5 5 5 7 7 7 7 7 7 7 7 7 7 7 7 7 7 7 7 7 7 7 7 3 3 3 3 3 3 3 3 3 3 1 1 1 1 1 1 1 1 1 1 2 2 2 2 2 2 2 2 2 2 2 2 2 2 2 2 2 2 2 2 2 2 2 2 2 2 2 2 2 2 4 4 4 4 4 4 4 4 4 4 2 2 2 2 2 2 2 2 2 2 4 4 4 4 4 4 4 4 4 4 4 4 4 4 4 4 4 4 4 4 7 7 7 7 7 7 7 7 7 7 4 4 4 4 4 4 4 4 4 4 5 5 5 5 5 5 5 5 5 5 8 8 8 8 8 8 8 8 8 8 5 5 5 5 5 5 5 5 5 5 7 7 7 7 7 7 7 7 7 7 2 2 2 2 2 2 2 2 2 2 5 5 5 5 5 5 5 5 5 5 7 7 7 7 7 7 7 7 7 7 6 6 6 6 6 6 6 6 6 6 5 5 5 5 5 5 5 5 5 5 7 7 7 7 7 7 7 7 7 7 8 8 8 8 8 8 8 8 8 8 
2
1 139 3
2
1 200 9
2
1 112 3
1 274 4
1 212 4
2
1 45 6
1 238 7
2
2
2
2
1 36 5
1 289 7
1 243 5
1 147 5
2
1 71 7
1 202 4
2
1 24 1
1 157 2
1 177 8
2
1 40 7
1 138 2
1 283 9
2
2
2
2
2
1 31 7
2
1 187 3
2
2
1 271 2
2
2
2
2
1 91 2
2
1 168 9
2
1 53 9
1 142 8
1 131 8
2
2
2
2
2
2
2
2
2
2
2
1 289 3
1 207 8
1 69 7
1 163 3
2
1 25 6
2
1 296 4
2
1 92 6
1 221 6
1 49 1
2
1 182 5
1 200 9
1 1 3
1 168 2
1 49 8
2
2
2
1 14 3
1 117 9
2
2
1 20 3
1 4 2
1 145 2
2
2
1 86 1
2
2
2
2
1 249 9
1 19 4
1 99 6
2
2
1 158 2
1 239 7
1 180 9
1 159 3
2
2
1 112 5
1 273 7
2
1 263 3
1 234 3
2
1 217 4
2
1 52 9
2
2
2
1 90 2
2
1 111 9
2
2
2
1 190 1
2
2
1 183 2
2
1 118 8
2
1 270 9
1 90 9
1 269 1
1 56 6
1 242 8
1 61 5
1 240 1
2
2
1 230 2
2
2
1 194 8
2
2
1 206 9
1 156 2
1 2 7
1 87 8
2
2
2
2
2
1 33 9
2
2
1 59 8
1 182 2
1 123 4
2
2
2
1 267 5
1 193 6
2
2
1 111 1
2
2
1 275 7
1 219 9
2
2
1 3 3
2
2
1 25 9
1 73 9
2
2
1 98 9
1 74 6
1 269 9
1 103 9
1 128 9
1 228 5
2
2
1 273 8
2
2
2
1 294 1
2
2
1 123 8
1 101 6
2
1 75 4
1 236 2
2
2
1 168 6
2
1 195 6
2
1 26 3
1 159 5
1 267 2
1 152 4
1 265 2
2
1 88 2
1 11 1
2
1 277 3
2
2
1 10 1
1 166 5
2
2
1 128 7
2
1 21 8
1 124 5
1 62 3
2
2
1 203 8
1 227 9
2
2
2
2
2
1 225 1
1 141 2
2
1 1 6
2
1 266 2
2
2
1 140 4
2
1 225 8
2
1 188 9
2
1 229 7
2
1 241 2
2
1 257 2
1 224 2
2
1 127 6
2
1 238 2
2
2
2
1 218 9
1 97 1
2
2
2
2
2
2
2
1 156 4
2
1 35 3
1 158 8
2
1 208 3
2
2
2
2
1 39 5
2
1 212 4
2
2
2
2
2
1 135 7
2
2
1 80 2
2
